"","Age","Cholesterol","Blood.Pressure","Heart.Rate","Family.History","Exercise.Hours.Per.Week","Stress.Level","Sedentary.Hours.Per.Day","Income","BMI","Triglycerides","Physical.Activity.Days.Per.Week","Sleep.Hours.Per.Day"
"Age",1,-0.00910701063969273,0.00307020870220853,-0.00384401294515408,0.00835254672102544,0.00120563900505722,0.0183066456613187,0.0172801339839423,-0.00173278986712848,-0.00261184617040875,0.00341495665950536,0.00138366785413327,-0.00218470373921013
"Cholesterol",-0.00910701063969273,1,0.000132697554156175,0.000314908329417306,-0.0216079302682953,0.0215171355664931,-0.0244871110905084,0.0189144919148884,6.75020810554261e-06,0.0172918737848074,-0.00545372117615522,0.01605593547569,0.00445622858261309
"Blood.Pressure",0.00307020870220853,0.000132697554156175,1,0.00848188821875212,-0.00976179004055992,-0.00950556099049695,0.0178478307338714,0.00339260709920742,0.0104143552397545,0.00427904320617717,0.00512069525439026,-0.00757395741227232,-0.00462776334783916
"Heart.Rate",-0.00384401294515408,0.000314908329417306,0.00848188821875212,1,-0.0134695873686095,0.00827632931632196,-0.00454676855512775,-0.0102320483775127,0.00487347744096559,0.0052985747591284,0.012243694801045,0.000834381672977914,0.00181124690908467
"Family.History",0.00835254672102544,-0.0216079302682953,-0.00976179004055992,-0.0134695873686095,1,-0.006377756223497,0.0156365540551791,0.00256115702198238,-0.000401290995276571,-0.0114921469860373,-0.0019035517685536,0.00956144889856943,-0.0111987965681159
"Exercise.Hours.Per.Week",0.00120563900505722,0.0215171355664931,-0.00950556099049695,0.00827632931632196,-0.006377756223497,1,-0.00910241943961742,0.00875560105065741,-0.0234138472561133,0.00377692149464845,0.00171694907729333,0.0077251861443412,-0.00124533634677337
"Stress.Level",0.0183066456613187,-0.0244871110905084,0.0178478307338714,-0.00454676855512775,0.0156365540551791,-0.00910241943961742,1,-0.00539724090261143,-0.00276045138017065,-0.00325044721535402,-0.00392130251149542,0.00740463024250619,-0.0142054068431111
"Sedentary.Hours.Per.Day",0.0172801339839423,0.0189144919148884,0.00339260709920742,-0.0102320483775127,0.00256115702198238,0.00875560105065741,-0.00539724090261143,1,0.00351062096680111,-2.3560735305378e-05,-0.00578460869250497,-0.00617801154717665,0.00479201262249014
"Income",-0.00173278986712848,6.75020810554261e-06,0.0104143552397545,0.00487347744096559,-0.000401290995276571,-0.0234138472561133,-0.00276045138017065,0.00351062096680111,1,0.00883583765468668,0.0107385591945575,0.00013027331760073,-0.00659834325786116
"BMI",-0.00261184617040875,0.0172918737848074,0.00427904320617717,0.0052985747591284,-0.0114921469860373,0.00377692149464845,-0.00325044721535402,-2.3560735305378e-05,0.00883583765468668,1,-0.00596360701960391,0.00811037484387904,-0.0100304096951442
"Triglycerides",0.00341495665950536,-0.00545372117615522,0.00512069525439026,0.012243694801045,-0.0019035517685536,0.00171694907729333,-0.00392130251149542,-0.00578460869250497,0.0107385591945575,-0.00596360701960391,1,-0.00755641923462553,-0.0292159711227918
"Physical.Activity.Days.Per.Week",0.00138366785413327,0.01605593547569,-0.00757395741227232,0.000834381672977914,0.00956144889856943,0.0077251861443412,0.00740463024250619,-0.00617801154717665,0.00013027331760073,0.00811037484387904,-0.00755641923462553,1,0.0140334378529932
"Sleep.Hours.Per.Day",-0.00218470373921013,0.00445622858261309,-0.00462776334783916,0.00181124690908467,-0.0111987965681159,-0.00124533634677337,-0.0142054068431111,0.00479201262249014,-0.00659834325786116,-0.0100304096951442,-0.0292159711227918,0.0140334378529932,1
